# 378
-5.472584701276851e-310
                   4
  0.9899494936611665
  0.8652475842498526
   0.955447006988223
  0.3153276543884763
  0.6611714920593795
  0.2286220853876551
  0.4326237921249264
  0.1871347366102802
  0.4158049040515783
 0.09586541487923894
  0.3926381753512461
 0.07256193286287782
  0.3885983123666555
 0.03419269680629069
  0.3818258706209463
 0.02563750017710512
  0.3533662967968734
 0.02137905449518766
  0.3459326412851539
 0.01144675579957474
  0.3348809548188333
0.008744716757779122
  0.3098421437719374
0.007347679908490404
  0.3051368643602452
0.003984748491018524
  0.2987507400188616
0.003050861171197441
  0.2977023232890132
0.001458086610832116
  0.2962615524866182
0.001095473648610285
   0.292800813894293
0.0009143132515872837
   0.291939060333522
0.0004903557214569113
  0.2905666259616884
0.0003747246534315695
  0.2903124840504508
0.0001787234632211652
  0.2899505156683284
0.0001342411613056784
  0.2890116005621966
0.0001120298741155957
  0.2887539009269398
6.007265083963355e-05
  0.2883163927362212
4.590558640841479e-05
   0.286638115753481
3.857683745688819e-05
   0.286002631236612
2.092602560190959e-05
  0.2847555324690151
1.602246712808664e-05
  0.2844930904798667
7.65799542873532e-06
  0.2841074395287742
5.753566315837336e-06
  0.2830833798316383
4.802104548462323e-06
  0.2828017993628753
2.575433484448508e-06
  0.2823324511467661
1.968121054809735e-06
  0.2807085165181566
1.653933857163892e-06
   0.280160271375676
8.971956776645286e-07
  0.2791684396032211
6.869598351381608e-07
   0.278971089920046
3.283361780702751e-07
  0.2786891230462644
2.466839963530088e-07
  0.2779910776600812
2.058901398142638e-07
  0.2778094052411281
1.10421696344782e-07
   0.277516045582099
8.438318384260118e-08
  0.2774613958516377
4.024628062459221e-08
  0.2773849515510353
3.022942958243725e-08
  0.2772018396212758
2.52277273728289e-08
  0.2771549296643748
1.352761169542739e-08
  0.2770793011254887
1.033736570255217e-08
  0.2768302780386974
8.687022891374023e-09
  0.2767444698116844
4.71228017380934e-09
  0.2765790361619319
3.608059926768461e-09
  0.2765438164268456
1.724485142960015e-09
  0.2764919397322204
1.295631438714366e-09
  0.2763543497019414
1.081374105125622e-09
  0.2763157824685844
5.799555283065147e-10
  0.2762505797494277
4.431963368749935e-10
  0.2762379957313306
2.113810156511103e-10
  0.2762201752488279
1.587706337245581e-10
  0.2761765279409272
1.325007552558057e-10
  0.2761651045197777
7.104955318954209e-11
  0.2761464815994635
5.429378298743813e-11
  0.2760831884568706
4.562587307882414e-11
   0.276060485727257
2.474977903121097e-11
  0.2760150773745024
1.895020724924196e-11
  0.2760050915157275
9.057319312076108e-12
  0.2759901654869095
6.804899247143827e-12
  0.2759492302539193
5.679579557834951e-12
  0.2759373561029884
3.046035176338246e-12
  0.2759168368708708
2.32775026058548e-12
  0.2758345693519812
1.956152523076944e-12
  0.2757994862945531
1.061137711778436e-12
  0.2757186992832999
8.124860670803715e-13
  0.2756988542688404
3.883321212642749e-13
  0.2756677165311164
2.917598668195067e-13
  0.2755731256313066
2.435118640032155e-13
  0.2755431791733188
1.305987412879034e-13
  0.2754889309272269
9.980228488159372e-14
  0.2754779314475689
4.76003699008666e-14
  0.2754620793927671
3.575316793713821e-14
  0.2754220211840989
2.983751879847333e-14
  0.2754112594789357
1.599947400317519e-14
   0.275393499529714
1.222628336347092e-14
   0.275331494288452
1.027437806797098e-14
  0.2753087056311338
5.573341831065823e-15
  0.2752624581312733
4.267350534591658e-15
  0.2752521897901448
2.039595446325312e-15
  0.2752368060114064
1.532378515005282e-15
   0.275194596128363
1.278970543522662e-15
  0.2751823703790791
6.859291652549692e-16
  0.2751613103184729
5.241803527322446e-16
  0.2750783515433552
4.405011727019485e-16
  0.2750438202836396
2.38954989921695e-16
  0.2749665221067515
1.829617379683514e-16
  0.2749480195511519
8.744755472641729e-17
  0.2749194033104919
6.570068640628523e-17
  0.2748356797087823
5.483583738740505e-17
  0.2748101067159394
2.940920915528291e-17
  0.2747648477805234
2.247423092530055e-17
  0.2747558313583606
1.071901015644083e-17
  0.2747429421249319
8.051167901452424e-18
  0.2747109858897042
6.719037429959281e-18
   0.274702547008841
3.602882177069467e-18
  0.2746887653919981
2.753206662500802e-18
   0.274642106926217
2.313661912524106e-18
  0.2746254763355289
 1.2550471312918e-18
  0.2745925024679668
9.60954165201739e-19
  0.2745853128437361
4.592914792410781e-19
  0.2745746355329016
3.450725467062871e-19
  0.2745459504363567
2.880082292292964e-19
  0.2745377985558276
1.544627006949614e-19
  0.2745239210310773
1.180388836566873e-19
  0.2745212303559236
5.629825212366653e-20
  0.2745174234971329
4.228624382244772e-20
  0.2745081749438779
3.528964463998876e-20
  0.2745057736349981
1.892301277112198e-20
  0.2745018862745349
1.44603576341004e-20
  0.2744890045071962
1.215178618591596e-20
   0.274484498212523
6.591742856434844e-21
  0.2744756627203687
5.047111455242704e-21
  0.2744737503822648
2.412284966202621e-21
  0.2744709181985849
1.812385716436209e-21
  0.2744633468668793
1.512673221474014e-21
  0.2744612019294512
8.112670658092127e-22
  0.2744575541153446
6.199623492568992e-22
  0.2744436608195609
5.209927088168649e-22
  0.2744380223018601
2.82618560856173e-22
  0.2744255085881122
2.163938199963731e-22
  0.2744225099004714
1.03426599608826e-22
  0.2744178554104607
7.770598741413346e-23
  0.2744040157402429
6.485583519659377e-23
   0.274399681246812
3.478307094614091e-23
  0.2743918375898949
2.658088371595183e-23
  0.2743902446166042
1.26776646313493e-23
  0.2743879490740713
9.522335090238389e-24
  0.2743821627013205
 7.9467881772015e-24
  0.2743806099269713
4.261226669302711e-24
  0.2743780509500898
3.256292345894307e-24
  0.2743691561619651
2.736430824228849e-24
  0.2743658859626526
1.484378351623615e-24
  0.2743592208654801
1.136546607823257e-24
  0.2743577326042401
5.432165150394919e-25
  0.2743554980999529
4.081266793090264e-25
  0.2743493444904734
3.406351601452505e-25
  0.2743475523879075
1.826872340713797e-25
  0.2743444544022137
1.396077957402761e-25
  0.2743438466419743
6.658547285041296e-26
  0.2743429829380634
5.001308981672447e-26
  0.2743408667887378
4.173802181131835e-26
  0.2743403131365508
2.238076149063756e-26
  0.2743394133048994
1.71026579748449e-26
   0.274336400675982
1.43722477811383e-26
  0.2743353349546035
7.796233425505164e-27
  0.2743332266346928
5.969355887601304e-27
  0.2743327669283567
2.853074990174016e-27
  0.2743320839560317
2.143557843521559e-27
  0.2743302460658339
1.789079730197582e-27
  0.2743297220808038
9.595076072026984e-28
  0.2743288276217213
7.332463196911601e-28
  0.2743253810702683
6.161922361636755e-28
  0.2743239622913289
3.342606528809216e-28
  0.2743207666394312
2.559348520219613e-28
  0.2743199904079477
1.223254502668477e-28
  0.2743187770923216
9.190498319402087e-29
  0.2743151045074086
7.670675892721494e-29
  0.2743139324287253
4.113888333603586e-29
  0.2743117824809496
3.14379335813246e-29
  0.2743113410711376
1.499421851078195e-29
  0.2743107021042118
1.126232450753231e-29
  0.2743090763011204
9.398882353553474e-30
   0.274308636195283
5.039868592634955e-30
  0.2743079073180697
3.851305456415864e-30
  0.2743053379415711
3.23645110603936e-30
  0.2743043783739574
1.75561461863264e-30
  0.2743023958856172
1.344224561931494e-30
  0.2743019480782409
6.424769357777781e-31
  0.2743012721175492
4.827025156121402e-31
   0.274299387578429
4.028784616247958e-31
  0.2742988321197816
2.160691567769525e-31
  0.2742978645799251
1.651179342575432e-31
  0.2742938944168525
1.387588132509126e-31
   0.274292140176318
7.527133382764654e-32
  0.2742879065065905
5.763333948713597e-32
  0.2742868151890812
2.754616711030207e-32
  0.2742850571254403
2.069585699304128e-32
  0.2742793227738797
1.727340627227957e-32
  0.2742773534327023
9.263963898221144e-33
  0.2742735536846765
7.079430896388776e-33
  0.2742727425260703
3.376511166608366e-33
  0.2742715491643096
2.53613513997448e-33
   0.274268408950225
2.116511187134661e-33
  0.2742675328088297
1.134915605573851e-33
